$ 1 0.000005 10.20027730826997 50 5 43 5e-11
165 304 208 480 208 6 0
R 224 176 224 80 0 0 40 5 0 0 0.5
r 224 176 224 240 0 1000
w 288 240 304 240 0
R 368 176 368 112 0 0 40 5 0 0 0.5
g 400 368 400 400 0 0
r 432 272 528 272 0 1000
162 528 272 528 336 2 default-led 1 0 0 0.01
g 528 336 528 384 0 0
R 432 240 432 208 0 0 40 5 0 0 0.5
w 224 240 288 240 0
r 224 240 224 336 0 100000
w 224 336 304 336 0
w 304 304 272 304 0
w 272 304 272 400 0
R 144 352 144 304 0 0 40 5 0 0 0.5
r 144 352 144 400 0 1000
w 144 400 272 400 0
s 272 400 272 448 0 1 true
g 272 448 272 496 0 0
