$ 1 0.000005 10.20027730826997 50 5 43 5e-11
165 304 208 480 208 6 4.996681008191421
R 224 176 224 80 0 0 40 5 0 0 0.5
r 224 176 224 240 0 1000
w 288 240 304 240 0
R 368 176 368 112 0 0 40 5 0 0 0.5
g 400 368 400 400 0 0
r 432 272 528 272 0 1000
162 528 272 528 336 2 default-led 1 0 0 0.01
g 528 336 528 384 0 0
w 224 240 288 240 0
w 304 304 272 304 0
w 272 304 272 400 0
R 144 352 144 304 0 0 40 5 0 0 0.5
r 144 352 144 400 0 1000
w 144 400 272 400 0
g 272 480 272 528 0 0
g 304 336 304 384 0 0
w 272 400 272 432 0
S 272 432 320 432 0 0 false 0 2
w 272 480 320 480 0
w 320 480 320 448 0
w 320 416 592 416 0
w 592 416 592 240 0
w 592 240 432 240 0
