$ 1 0.000005 382.76258214399064 74 5 43 5e-11
165 304 192 416 192 6 0
R 368 160 368 112 0 0 40 5 0 0 0.5
r 240 128 240 224 0 18000
w 240 224 304 224 0
r 240 224 240 288 0 50000
g 240 352 240 384 0 0
g 400 352 400 384 0 0
162 432 256 432 320 2 default-led 1 0 0 0.01
r 432 320 432 352 0 220
g 432 352 432 384 0 0
w 432 224 432 160 0
w 432 160 368 160 0
w 240 128 352 128 0
w 352 128 352 160 0
w 352 160 368 160 0
c 240 288 240 352 0 0.000009999999999999999 2.8153224986195533 0.001
R 256 96 256 64 0 0 40 5 0 0 0.5
w 240 288 304 288 0
w 304 288 304 320 0
x 428 77 895 80 4 24 INCREASE\sSIMULATION\sSPEED\sTO\sFULL
o 17 64 0 4099 5 0.00009765625 0 2 17 3
