$ 1 0.000005 10.20027730826997 50 5 43 5e-11
165 304 208 480 208 6 0
R 224 176 224 80 0 0 40 5 0 0 0.5
r 224 176 224 240 0 1000
r 224 304 224 336 0 1000
w 224 240 288 240 0
w 288 240 304 240 0
w 224 336 304 304 0
w 224 304 304 336 0
c 224 336 224 400 0 3.5e-8 1.8062843835782456 0.001
g 224 400 224 432 0 0
R 368 176 368 112 0 0 40 5 0 0 0.5
g 400 368 400 400 0 0
r 432 272 528 272 0 1000
162 528 272 528 336 2 default-led 1 0 0 0.01
g 528 336 528 384 0 0
R 432 240 432 208 0 0 40 5 0 0 0.5
174 192 240 192 288 1 150000 0.48020000000000007 Resistance
w 192 240 224 240 0
w 208 272 224 272 0
w 224 272 224 304 0
