$ 1 0.000005 7.010541234668786 64 5 43 5e-11
165 304 208 368 208 6 4.999999999999979
w 432 240 432 176 0
w 432 272 448 272 0
162 448 176 448 272 2 default-led 1 0 0 0.01
s 256 304 304 304 0 0 false
w 304 240 208 240 0
w 304 336 208 336 0
w 208 240 208 336 0
174 208 240 208 176 1 1000 0.005 Resistance
w 208 240 144 240 0
w 144 240 144 208 0
w 144 208 192 208 0
r 256 304 256 256 0 10000
w 256 256 256 176 0
g 256 304 256 400 0 0
209 208 336 208 400 0 0.001 4.9975257800222765 1 1
g 208 400 208 432 0 0
g 400 368 400 400 0 0
w 208 176 256 176 0
w 256 176 368 176 0
w 368 176 432 176 0
w 432 176 448 176 0
R 368 176 368 144 0 0 40 5 0 0 0.5
