$ 1 0.000005 10.20027730826997 50 5 43 5e-11
153 400 208 544 208 0 2 0 5
153 400 288 544 288 0 2 5 5
w 544 208 544 256 0
w 544 256 400 256 0
w 400 256 400 272 0
w 544 288 512 240 0
w 512 240 400 240 0
w 400 240 400 224 0
I 192 176 304 176 0 0.5 5
w 192 320 304 320 0
M 544 208 592 208 0 2.5
M 544 288 592 288 0 2.5
150 304 192 368 192 0 2 0 5
150 304 304 368 304 0 2 0 5
w 368 192 400 192 0
w 368 304 400 304 0
L 304 256 224 256 0 0 false 5 0
w 304 256 304 208 0
w 304 256 304 288 0
w 192 176 192 256 0
w 192 256 192 320 0
L 192 256 96 256 0 0 false 5 0
x 106 240 178 243 4 24 INPUT
x 203 230 297 233 4 24 ENABLE
x 607 214 625 217 4 24 Q
x 611 294 629 297 6 24 Q
