$ 1 0.000005 10.20027730826997 50 5 43 5e-11
R 336 192 272 192 0 0 40 5 0 0 0.5
s 336 192 400 192 0 1 true
153 400 208 544 208 0 2 0 5
153 400 288 544 288 0 2 4.999999999999999 5
s 336 304 400 304 0 1 true
R 336 304 272 304 0 0 40 5 0 0 0.5
w 544 208 544 256 0
w 544 256 400 256 0
w 400 256 400 272 0
w 544 288 544 336 0
w 544 336 240 336 0
w 240 336 240 224 0
w 240 224 400 224 0
162 544 208 688 208 2 default-led 1 0 0 0.01
162 544 288 688 288 2 default-led 1 0 0 0.01
g 688 288 688 320 0 0
g 688 208 688 256 0 0
