$ 1 0.000005 10.20027730826997 50 5 43 5e-11
R 256 96 256 48 0 0 40 5 0 0 0.5
r 256 96 256 128 0 1000
R 416 96 416 48 0 0 40 5 0 0 0.5
r 416 96 416 128 0 1000
R 608 96 608 48 0 0 40 5 0 0 0.5
r 608 96 608 128 0 1000
162 608 128 608 176 2 default-led 1 0 0 0.01
w 608 176 512 176 0
t 464 192 512 192 0 1 -0.000012586556414007077 1.1376914521576964e-8 100 default
t 560 192 608 192 0 1 -0.000012586556414007077 1.1376914521576964e-8 100 default
w 512 208 512 240 0
w 608 208 608 240 0
w 608 240 512 240 0
w 416 128 416 240 0
t 368 256 416 256 0 1 -4.932793114931879 0.06720687369126759 100 default
g 416 272 416 288 0 0
r 368 256 256 256 0 1000
w 256 128 256 256 0
w 256 256 256 320 0
t 208 336 256 336 0 1 0.6324819818956846 0.6624339504564087 100 default
t 208 432 256 432 0 1 0.6324029328455915 0.6696578329564558 100 default
w 256 352 256 416 0
g 256 448 256 480 0 0
r 208 432 176 432 0 1000
r 208 336 176 336 0 1000
r 464 192 464 288 0 1000
r 560 192 560 288 0 1000
w 464 288 464 512 0
w 352 512 176 512 0
w 176 512 176 432 0
w 560 288 560 544 0
w 512 544 144 544 0
w 144 544 144 336 0
w 144 336 176 336 0
R 352 400 352 352 0 0 40 5 0 0 0.5
R 512 400 512 336 0 0 40 5 0 0 0.5
w 352 512 464 512 0
s 352 400 352 512 0 0 false
s 512 400 512 544 0 0 false
w 512 544 528 544 0
w 528 544 560 544 0
w 608 240 704 240 0
w 704 240 704 32 0
w 704 32 448 32 0
w 448 32 448 240 0
w 448 240 416 240 0
